image: 20220630.pgm
resolution: 0.100000
origin: [ -44.800000, -50.300000, 0.0 ]
negate: 0
occupied_thresh: 0.65
free_thresh: 0.196

# This file comes from @StanleyYake, thanks to him!